65.33333333333333
54.0
44.666666666666664
75.66666666666667
70.66666666666667
72.33333333333333
37.333333333333336
41.666666666666664
71.33333333333333
62.666666666666664
55.666666666666664
59.666666666666664
62.333333333333336
53.333333333333336
66.66666666666667
48.333333333333336
60.666666666666664
50.333333333333336
77.0
72.0
53.0
62.0
57.0
46.666666666666664
49.0
70.66666666666667
66.66666666666667
69.66666666666667
49.333333333333336
75.0
60.333333333333336
90.33333333333333
67.0
42.333333333333336
57.333333333333336
45.333333333333336
69.33333333333333
75.0
69.0
65.33333333333333
55.333333333333336
83.0
81.0
58.0
47.333333333333336
84.66666666666667
83.0
65.33333333333333
49.666666666666664
41.666666666666664
51.0
78.33333333333333
83.66666666666667
71.0
51.666666666666664
57.0
68.33333333333333
34.666666666666664
54.666666666666664
62.0
65.0
49.333333333333336
54.666666666666664
75.66666666666667
68.0
51.666666666666664
71.66666666666667
54.0
55.666666666666664
45.333333333333336
52.666666666666664
80.0
54.333333333333336
60.666666666666664
71.66666666666667
59.21333333333333 65.89333333333333 59.44 